Sample Name	Sample 1	Sample 2	Sample 3	Sample 4	Sample 5	Sample 6	Sample 7	Sample 8	Sample 9	Sample 10	Sample 11	Sample 12	Sample 13	Sample 14	Sample 15	Sample 16	Sample 17	Sample 18	Kon A
Group	Group 1	Group 1	Group 1	Group 1	Group 1	Group 1	Group 1	Group 1	Group 1	Group 1	Group 1	Group 1	Group 1	Group 1	Group 1	Group 1	Group 1	Group 1	Group 1
IS PE 28:2(PE)	28204064.9884	32545696.5146	36574125	19858000	30644250	29399778.6577	28047916.7254	33796000	22988894.979	25424125	27737750	28238125	27833228.9624	26935288.8409	21972476.563	33454031.943	25298500	25771240.0288	30587348.6097
IS PE 40:2(PE)	20023775.5042	21310425.7926	23987422.1052	13090613.6228	19029317.8587	18003500	17747520.0056	19944625	13463063.8918	15883749.6362	17778559.9751	18940619.9145	17061829.502	15585125	13473028.8451	20882025.4173	15342899.3897	15306467.9678	17468087.5849
IS PE 44:2(PE)	14872750	14933875	17123353.4002	9465105.2835	13867559.2926	12745362.7038	13819587.3498	14599250	10084250	11081750	11907675.7178	13339698.9283	12234625.8805	10957644.9107	9698500	15045396.9196	10883875	11008833.796	13251192.7593
PE 32:2(PE)	473921.9808	752936.7853	1076180.0573	1432613.092	1909021.0024	1553764.9058	246573.6048	184727.7039	273020.0611	735682.2435	1300040.8315	699807.8227	1560435.6062	1391806.6759	1260065.5889	434269.7251	334557.333	406337.328	123925.2986
PE 32:1(PE)	4033816.8993	7934068.5617	11424656.7569	14945525.1528	23428466.7972	17090861.9844	1778124.9151	1450776.7179	1919442.3138	4642267.6779	8597688.8524	4508006.2985	16660280.9415	15465557.0167	13584847.2585	2995998.9633	2102744.4745	2834125.2827	455695.39
PE O-34:3(PE)	384421.8132	402361.5151	675006.4425	413739.7219	578324.3815	451861.8435	125081.9253	116600.4729	170162.1912	319394.4907	645102.9092	330424.9272	548040.2125	503233.5536	509808.1808	314846.2954	234394.6235	348910.0903	83745.372
PE O-34:2(PE)	1573522.0402	3008573.189	4671574.7573	2273163.8482	3230408.682	2348383.3634	582931.0966	460409.5698	723663.7308	1908625.0692	4107022.5892	1901740.3218	2987838.9986	2588745.9997	2440624.4266	1772515.3481	1328782.1142	1857792.3927	76854.1688
PE O-34:1(PE)	1209076.8047	2305479.1253	3171547.9358	3058705.1891	4393751.0825	3537174.883	640143.816	487191.1193	647460.4074	1210321.6592	2341867.2681	1241587.1669	3807678.8255	3465600.5692	3155059.3547	1027194.8203	781390.1644	941583.277	103002.6345
PE 34:2(PE)	5357794.7172	11233747.063	15458675.7274	16334152.591	24654358.6055	17728181.8397	2289427.1331	1530387.6158	2728734.9158	8192787.651	15265311.528	7278698.633	19519029.1156	17285908.5724	15241762.593	4654399.3447	3270792.8217	4705816.1106	125558.032
PE 34:1(PE)	25127786.4105	52813426.1606	72893987.799	47758206.7925	67277920.9824	49776437.714	9284484.5897	6585800.183	11080321.6368	27925922.9272	53363795.7595	26206807.433	55906222.3857	49296233.7588	42937057.1262	18093228.6007	12029057.535	17605762.8052	229194.8093
PE O-36:6(PE)	300739.4906	333407.482	360439.546	335319.6341	492090.7196	238223.2036	121652.3439	75901.6201	145287.7581	180879.0576	399864.8451	293938.7481	532338.717	427051.1655	419052.3064	196593.7458	221691.2674	277229.7231	60016.0192
PE O-36:5(PE)	1157498.06	2522789.6391	3731512.113	2026052.0039	2589170.2128	1662722.677	1108215.4174	843209.5195	1291478.3194	2547616.4545	5460984.2442	2297595.3368	2679777.6792	2359988.521	2127790.4447	2326848.9917	1712789.3072	2551285.0286	59142.7907
PE O-36:4(PE)	555865.3209	854520.1715	1177293.4406	563129.0895	819011.4978	568131.197	216826.9477	193730.4245	313407.8594	755554.2008	1712646.4163	796110.1061	951765.6229	736446.4125	691165.0842	669977.271	536722.3892	745962.0057	36644.955
PE O-36:3(PE)	672324.3448	1160652.8021	1883479.2536	1124703.1258	1443539.3939	1050346.4509	231698.7548	233900.3891	339308.076	858192.7517	1890494.7032	864264.3958	1430107.932	1276527.3708	1216942.1791	693977.4588	489416.7888	773701.8729	54145.7771
PE O-36:2(PE)	1542880.5647	2916187.2351	4015633.5456	2772248.0922	3927985.0927	2894657.2036	588970.8248	514200.6514	771650.1222	1873258.4144	3520324.4475	1699334.6447	3547171.4428	3199339.5702	2946495.0732	1337997.3793	874485.384	1285384.4919	103354.8024
PE O-36:1(PE)	2263708.5761	4349420.9829	5852229.1267	3375520.4851	4761734.0276	3513554.799	973480.6941	679143.6227	1019023.4237	2398273.9678	3930205.6248	2105170.2611	4316117.1432	3769158.9061	3534027.4302	1880812.8763	1234598.5223	1670747.8632	111311.8829
PE 36:5(PE)	493613.7112	807710.0252	1124161.9433	1441410.1892	2081748.9581	1356216.6478	363107.0438	203374.1138	368211.1653	747248.6775	1649426.5408	663722.9901	1952250	1704756.5324	1675301.3611	537214.5429	387364.169	488147.8991	27398.6459
PE 36:4(PE)	2354364.4438	4231951.4241	6512542.9073	8203575.1773	11922924.5196	8874897.2858	1806837.9744	1406882.0821	2221022.7559	4285387.9595	7920535.5384	3781081.3939	10953200.3562	9701850.6165	8649269.7912	2796039.8111	1807936.6069	2701192.1134	41256.7466
PE 36:3(PE)	2441552.1881	4801231.4785	6546342.6981	5545828.6559	8120141.7528	6001053.2994	1084853.9067	756718.5375	1303796.275	3791898.3834	7644307.2187	3584716.7821	7525119.4656	6629448.053	5999236.551	2268114.657	1567434.5877	2229919.9208	62323.1805
PE 36:2(PE)	22877102.5778	47187609.092	65040348.0843	39239235.8169	55598068.5549	40580101.2369	9021109.627	6887609.8637	11213775.583	31970290.6573	60430908.0328	28993409.7471	48488244.9564	43141773.8682	38734039.5094	20722076.6461	13727667.9113	20019284.8278	470109.2294
PE 36:1(PE)	22499625.8681	45980372.5067	65509662.7893	22662450.1572	31749603.0806	22852244.1265	11956748.7059	8317297.9764	14202463.2297	32077732.5511	60804121.1151	28501540.1697	28316112.2495	24664898.8897	22164304.4595	22431913.0142	15024379.7918	21693494.4557	57961.9891
PE 36:0(PE)	501958.041	838730.3672	1386003.7423	759204.0001	841719.8492	555082.1987	475027.9849	371646.0224	576300.9926	918858.2086	1668339.9224	645221.2	847805.944	713187.0313	686952.6364	1092844.9334	843456.1818	1232993.431	38922.677
PE O-38:6(PE)	934988.212	1954007.9782	2931983.0054	1374197.4737	2005146.2242	1194291.9002	951365.8976	718796.6902	1058434.4572	2191702.5876	4432524.7595	1847407.1711	1796937.2149	1762049.6571	1646397.2781	2056787.2905	1561782.6189	2364279.4906	42281.2917
PE O-38:5(PE)	1054646.5001	2160651.2752	3221927.7226	1316071.8184	1759896.3553	1105513.5625	939825.4082	642946.5963	1049188.744	2213624.4952	4738526.545	2024147.8634	1945551.4947	1623770.294	1678304.682	1928762.5385	1445325.2694	1983790.084	40361.1377
PE O-38:4(PE)	737805.2482	1278219.7879	1927714.8109	1154752.5301	1720386.0218	1294447.2918	406433.5952	323923.1403	542272.7803	1380225.6674	2758728.1541	1239729.3715	1707677.6399	1409110.4504	1352945.8306	953328.9091	826929.3847	1011710.2453	38872.5348
PE O-38:3(PE)	606243.9877	842500.04	1122403.1862	424648.9157	626257.2682	394064.5116	298443.9585	219655.0279	341743.7701	777158.0561	1453298.7717	710902.8248	575485.9019	506185.5955	462152.2496	599513.4177	422670.9142	601764.6412	49744.8191
PE O-38:2(PE)	1111710.917	1672806.7176	2360169.2167	906074.9083	1206067.0552	929356.3732	533620.3796	450938.888	552454.9832	1138863.551	2019584.849	1105670.0081	1108841.1616	975679.1368	884618.1755	960186.0424	671408.8887	838037.0269	138000
PE O-38:1(PE)	638059.1314	848009.0633	1053635.0826	369990.0967	591048.6066	445607.296	267175.8598	186839.5165	243205.1076	486138.9214	938274.6619	484514.5305	591694.9145	431250.4525	398672.4299	410734.2949	416639.5225	427824.7006	56335.3698
PE O-38:0(PE)	287795.5838	351821.687	468807.2201	376518.5862	503485.6678	397206.3262	199597.1155	166227.1237	222714.6912	359028.6551	579607.746	429614.7264	462179.6155	369529.3688	294225.6033	274627.4509	309574.0237	255984.3249	0
PE 38:6(PE)	994066.6137	1939010.7596	2920877.2279	3048942.9892	4277449.2825	3472221.7544	964746.4126	745968.4037	1214183.1965	1891294.94	3677621.7621	1749247.12	4026208.6109	3414418.3728	3073031.1606	1760943.1235	1107932.9427	1650803.2543	58572.8724
PE 38:5(PE)	3398266.6671	7247957.4413	10068536.838	8805408.1495	12938941.2246	9368464.0727	3163731.2484	2095616.4153	3574954.034	7672517.8859	14853612.3304	7004796.3135	12063247.1359	10709516.7024	9733265.0041	5033479.4745	3308386.5005	4956193.4041	38084.1167
PE 38:4(PE)	7403944.3017	15145006.7815	21319457.59	16259817.8691	24284809.5483	18795893.4714	7843485.8117	5367303.0796	9308978.9414	17048896.3872	32189150.5825	15353737.9643	22944458.6456	20023594.9491	17735063.8501	12319491.9569	7580730.0436	11694171.7898	0
PE 38:3(PE)	3078794.4529	5927651.5468	8493416.7006	1950157.1912	3051236.9061	2052075.1	2079733.4141	1326415.2855	2060770.008	6767088.6213	13077638.1994	6358361.4553	2764502.9142	2438330.2253	2174037.7595	4845984.2792	3267263.92	4482810.7464	0
PE 38:2(PE)	2148351.7226	4085112.7426	5789342.8907	2122437.4202	3066547.2879	2160581.1748	865720.455	558378.8478	960883.2648	3119573.071	5856879.2256	2794851.9142	2939470.5283	2344401.0176	2117882.651	2314946.5346	1592167.7574	2212279.4304	49864.0044
PE 38:1(PE)	693063.5712	1048526.7214	1544312.3966	577282.2286	819845.1533	434585.4583	444863.9702	315579.3301	441485.7985	953991.3921	2037334.5028	842024.7731	783696.3485	631117.5534	716568.8997	1078830.364	687335.0007	876164.387	62440.4321
PE 38:0(PE)	497782.4652	671013.3293	974970.5095	377287.6565	495613.7137	298291.6544	459753.5695	291480.0864	491721.0686	769582.9063	1654545.0613	704174.5601	610952.9656	412724.15	507836.0461	764489.0215	688984.3362	933099.8205	61054.354
PE O-40:6(PE)	694054.0872	875188.5197	1206072.2163	551883.0782	756390.5784	493778.3251	471016.3251	313179.4102	469785.3274	919939.057	1718992.5832	753149.6311	676411.6006	570088.3161	658277.699	830785.0179	652336.7622	885637.446	87531.5932
PE O-40:5(PE)	531019.8847	717735.4166	1024212.5435	311500.4216	507322.3189	385023.8045	357153.3292	240415.5902	399228.9818	839024.3673	1779379.1748	739705.1589	481714.6024	411011.4266	372219.3522	701599.8895	565533.8734	711316.2244	32958.5314
PE O-40:4(PE)	469517.5959	557399.3731	877092.1364	286065.4015	407300.7285	316861.8428	259763.0359	189935.8555	286317.4096	586390.2629	1329229.0456	694968.8282	431429.8081	331506.5414	333252.9161	571566.4121	428722.2877	575746.1677	41424.1007
PE O-40:3(PE)	462179.6073	577572.7519	772666.9028	248307.6065	250552.584	181158.0168	172656.9529	151354.6598	259086.3871	575576.115	1067385.364	606349.8238	282643.3807	190740.1038	283909.0175	595080.7753	344294.0739	464115.4739	53495.8481
PE O-40:2(PE)	351016.0442	338069.9094	400819.3689	197133.1261	286395.4309	181256.0862	107398.8449	119622.3374	140214.5384	241453.5937	414875.1766	296726.0933	284920.9172	202985.3113	280926.5975	203495.28	151364.7713	217943.2781	26604.102
PE O-40:1(PE)	322832.0871	269367.1647	351503.5622	246103.9451	404242.2393	294098.2198	95373.786	118838.0382	156107.7533	233894.1477	441323.3917	305444.6794	369638.473	242128.7804	329924.1407	190558.2498	175074.8899	181915.8527	27701.0454
PE 40:7(PE)	1027279.4769	1830312.6298	2564846.5637	1685853.585	2583977.515	1952773.4492	861924.1989	591339.5957	994392.3794	1965886.6738	3570403.525	1891089.8179	2381837.685	1823332.0631	1829561.6753	1679025.7423	1128724.6173	1731811.6453	27014.3179
PE 40:6(PE)	3105125.6899	5857527.5441	8151355.4361	4695547.3119	6578494.1253	5238798.3222	2787369.5864	1926954.2407	3293536.6137	5189686.2235	10780974.6658	5154099.8454	5682989.8527	4659757.0263	4478347.6888	5396807.9674	3507075.9374	5174500.3981	29170.2253
PE 40:5(PE)	2667830.2571	5232061.8544	7669168.1062	2485927.0368	3426524.5006	2424286.4226	2807694.8007	1900361.5059	3090915.6626	5301433.4369	10465370.5679	4714717.6291	2822810.3647	2481818.2092	2243075.3075	4908118.8528	3201133.8652	4812618.015	12102.798
PE 40:4(PE)	1859904.3196	3238139.4185	4893656.8011	737852.4246	965863.098	865519.7304	1643746.4635	1142439.486	1902722.8818	3881429.9854	7335456.428	3273551.9466	1052886.0215	818922.0462	773823.3527	2951462.4778	1975198.071	2799214.3983	27878.0906
PE 40:3(PE)	739328.9873	1099146.8741	1561625.7444	213871.4506	272069.13	258056.7842	436539.7048	324638.9542	442203.6234	1448592.5247	2771697.9771	1427651.3563	356833.8069	246774.4082	311233.9212	969657.0091	690990.0166	971466.7873	48798.0768
