Sample Name	Sample 1	Sample 2	Sample 3	Sample 4	Sample 5	Sample 6	Sample 7	Sample 8	Sample 9	Sample 10	Sample 11	Sample 12	Sample 13	Sample 14	Sample 15	Sample 16	Sample 17	Sample 18	Kon A
Group	Group 1	Group 1	Group 1	Group 1	Group 1	Group 1	Group 1	Group 1	Group 1	Group 1	Group 1	Group 1	Group 1	Group 1	Group 1	Group 1	Group 1	Group 1	Group 1
IS PG 28:2(PG)	13333240.3653	13951559.5028	14393375	8219342.4837	13088375	12472000	12086750	22328430.5602	8884625	10629500	11213340.7584	11678749.2703	10086375	10389763.0031	9910257.0378	13448305.8537	9954237.5739	11133903.5592	10682411.8103
IS PG 40:2(PG)	21893078.5943	24616250	23015250	13578375	20306000	19585500	19523719.865	38255375	13954866.5912	16559971.0832	16456000	19465071.1399	16487875	16029780.0174	15233500	21611444.4796	16020464.7865	16566750	16730835.9454
IS PG 44:2(PG)	20083202.7921	21956797.9967	20876125	12387511.4332	18260750	17021125	17898743.8229	34035750	12373052.4096	14661000	15004746.9152	17584670.9171	14070750	14193250	13804385.9593	19229125	14642479.3881	14709375	15631125
PG 30:1(PG)	146525.6329	92904.7672	182454.3988	269403.31	331502.6267	272499.1485	91264.594	88660.8612	117307.3991	131110.5827	160510.8448	100359.6483	345694.1496	243042.7116	280908.79	127404.3851	138222.8154	106942.4582	0
PG 30:0(PG)	254188.9539	322066.7133	409370.0788	503820.3072	751943.4515	761983.4953	202311.3849	199938.0132	262700.2537	245457.0917	268947.1926	215176.3008	734823.1753	705677.397	654709.4631	234323.5576	187916.0906	214230.142	164957.5275
PG O-32:1(PG)	156140.2699	49036.7676	98477.8251	109767.4698	109122.6038	84153.0115	83963.1691	89750	0	0	99360.67	98678.601	147718.0989	108473.4322	0	0	64758.065	80489.5842	0
PG O-32:0(PG)	171826.7469	88070.5208	160067.5949	97603.7717	123767.4996	142534.5067	103493.53	79131.5443	172875	62614.457	93443.1576	114243.6646	216093.8631	141903.3877	168302.881	97271.5552	81231.4005	70836.4466	57786.5179
PG 32:2(PG)	176757.8413	210730.7003	446125	654063.6166	723033.0398	420542.9278	126000	133716.3175	128899.4157	284756.6197	449625.7057	234684.5347	617680.2868	582568.1607	694334.8251	200958.9908	142280.5763	147353.7886	75211.3966
PG 32:1(PG)	1090183.1082	1311624.3356	1728001.7979	2067899.3242	2870626.2065	2161331.9374	775375	1072075.3205	607186.8788	911256.3463	1340101.2352	897929.7466	2011256.9398	2012695.4172	1966445.0172	684365.19	547758.4497	587328.2591	417640.07
PG 32:0(PG)	697428.5099	1111560.2665	1189028.8132	1123736.1746	1709032.9922	1450144.4669	360403.3354	465833.2947	540717.4392	595767.1891	872127.7918	579373.4648	1627952.7472	1538344.3971	1549298.2059	510259.1039	402075.0336	418971.9493	236548.688
PG O-34:2(PG)	184983.685	132420.4565	205407.957	125308.9477	245000	152320.1747	127957.0599	128057.8951	124125	145367.229	148201.6297	193113.496	165490.1007	196532.1302	200625	152056.5121	104371.7165	111925.484	46234.8569
PG O-34:1(PG)	323374.2143	377541.4684	324278.8749	342993.6233	509267.6592	439598.107	141738.2052	214094.8331	144438.0329	197426.6223	286541.6184	211200.775	526257.6542	490340.7003	494428.4971	202081.9747	135234.2162	113740.7829	111579.0842
PG O-34:0(PG)	154702.1421	145480.4476	193951.0369	132198.5879	192920.97	155312.0547	103341.9497	122430.5987	136319.0854	85559.0864	110709.9065	146035.7377	255158.5701	209565.3032	158448.2742	163827.5997	124056.2744	84614.4901	46799.8239
PG 34:3(PG)	156105.8392	213987.3138	341625	658412.503	740642.8234	435985.8028	87951.7413	92008.4302	130234.914	207709.9055	404633.0563	201495.0618	742950.3097	554280.5292	821960.815	147435.6356	151298.7668	198375	76234.1443
PG 34:2(PG)	931717.8113	1720564.2636	2455242.5427	2454958.9849	3475728.0637	1910091.5681	433728.7072	525875	532811.0528	1522847.3948	2910749.2357	1351341.316	2744991.1863	2400239.4312	2585469.7411	1128524.3038	807231.478	1045845.4392	138328.0795
PG 34:1(PG)	7894249.513	15730220.5516	17713560.1765	15493505.9333	22473478.1901	18110408.0516	4809421.1762	4544343.9986	4946121.229	12317734.3003	20480036.6672	11233424.313	19757572.2863	21271655.3388	19828530.0859	6446699.2534	4200780.4113	6170594.6531	441525.6646
PG 34:0(PG)	399599.5194	556042.5061	663436.6312	169203.2015	248977.6731	103077.6517	215733.1443	444918.2286	341633.0834	249214.3018	294935.2306	213159.0305	410213.5329	213526.0247	162348.7552	246122.7478	229014.213	221006.5288	79436.5488
PG O-36:2(PG)	244926.4153	222920.6084	330158.8773	216222.2664	363705.041	220347.236	150606.2315	121298.8342	101817.3458	152385.2264	355147.72	224559.3393	322696.023	265691.1193	333375	147581.5452	139100.9969	141354.2073	54099.335
PG O-36:1(PG)	436642.6925	834235.2622	675304.9825	557690.7268	851862.9846	647369.5947	257584.0274	511625	251411.792	364170.8464	629830.2693	382150.3217	717214.8766	748386.5113	678249.5105	301882.97	279875	294065.1191	115824.726
PG 36:4(PG)	241396.7245	207190.2927	297609.9928	503691.8912	677670.273	457720.1444	85539.2559	121167.5951	125716.3941	312500	308809.478	203742.6951	639894.0015	537354.4117	632445.5297	180688.4652	183750	144646.1825	55379.4132
PG 36:3(PG)	451547.1669	665926.3202	1053868.9833	1507549.7001	1911288.2414	912033.5163	264228.3134	232651.7285	307275.8771	733338.8972	1346359.0778	689537.126	1798570.8786	1607578.4138	1793818.3196	466729.3069	306360.5329	436540.6827	0
PG 36:2(PG)	2129066.0564	3951872.2766	3847867.9861	3053508.7879	3929814.8998	3047727.2967	1450841.792	2014010.8357	1411580.6137	3243964.6115	5166864.8366	3003862.0278	3548920.2119	3561019.1271	3560288.2782	1993536.8353	1417489.6543	1841163.3565	495330.727
PG 36:1(PG)	3001476.6551	9499127.7236	4561993.2761	4088298.05	5755740.8454	4431447.4894	1662147.2449	7177636.2828	1567740.0123	3082616.9796	4501863.3553	2769256.2338	5189897.434	4810725.3108	4659055.2039	1760375.1997	1203918.4822	1560898.9896	170983.9973
PG 38:6(PG)	154430.7523	76865.0253	136020.8344	126975.983	200113.049	109952.3699	82471.7179	137641.9455	0	136806.8455	158611.8867	106200.6778	197432.0017	144287.4869	204382.104	64025.3654	96837.4434	95375	38846.4437
PG 38:5(PG)	173069.3672	226493.501	292151.4815	186127.5102	239424.792	208328.9076	122540.2215	157857.7648	169299.4656	241146.3497	390531.5882	219500	270727.4762	289090.8126	317366.2422	175089.7826	148812.1146	161620.057	0
PG 38:4(PG)	237540.9463	273366.3313	262155.3687	240744.8165	334701.4978	204977.0514	103138.3406	362888.5083	137407.9045	151720.4553	366111.5715	211336.329	354795.7085	196482.1358	317310.0265	160157.3911	115475.6104	149316.7752	48689.9724
PG 38:3(PG)	228341.8603	408334.3535	200850.7061	157745.3676	147517.0938	88376.125	123961.3555	488383.6562	95901.2333	155998.3891	233517.9266	153071.7742	146045.5716	92469.3661	176137.8469	144464.8265	178250.7041	132819.5837	74750
PG 38:2(PG)	233502.6586	542680.5558	224304.4233	180201.1745	165393.7718	195451.6778	105200.2849	477530.0337	106444.8052	132523.9842	195198.9925	192968.3776	188047.7372	129043.5255	155618.3355	118072.483	156597.8634	135900.8342	95399.5103
