Sample Name	Sample 1	Sample 2	Sample 3	Sample 4	Sample 5	Sample 6	Sample 7	Sample 8	Sample 9	Sample 10	Sample 11	Sample 12	Sample 13	Sample 14	Sample 15	Sample 16	Sample 17	Sample 18	Kon A
Group	Group 1	Group 1	Group 1	Group 1	Group 1	Group 1	Group 1	Group 1	Group 1	Group 1	Group 1	Group 1	Group 1	Group 1	Group 1	Group 1	Group 1	Group 1	Group 1
IS PC 28:2(PC)	114574750	106981750	115857039.1177	71999411.0441	107181826.879	100722230.2553	103041734.1539	95952697.9893	94212098.8144	92336529.6064	89062975.6601	97259625	101531926.2925	100498000	86686931.6232	123762335.6936	107728500	89482500	101635729.6597
IS PC 40:2(PC)	51936887.5277	48568969.5019	55422723.1038	33143293.3826	46613666.7104	43446353.2592	45465395.8322	43644692.2545	40461325.0844	41297611.2002	39749935.5204	43748929.1018	44564481.1499	43665138.3758	38092249.7177	57984134.0843	49321379.4919	38608083.179	42162156.1261
IS PC 44:2(PC)	42218684.9748	42410875	45298773.8282	28609905.2784	38598125	35294499.4707	38639625	38012642.7155	34394911.0637	33426937.129	32474601.17	35730287.5448	37123583.9569	36814218.0619	31689375	48717001.6874	41846125	32140206.7182	35447250
PC O-30:2(PC)	229167.5742	343847.1751	380525.5937	219356.8835	341289.3215	258363.5411	165821.9801	104210.6012	169070.0002	219658.6311	321326.6113	215986.554	244760.81	235026.3759	219013.5354	154505.4296	150803.7531	118040.5157	123402.3213
PC O-30:1(PC)	687205.1572	1407155.9967	2180964.4493	3498254.936	5105384.0412	3890999.2755	458915.7713	332013.9334	609429.2069	1123303.3855	1916404.0473	998323.7659	3569229.8861	3875996.9211	3349551.1648	860803.5652	650533.4184	732180.7265	88897.8237
PC O-30:0(PC)	2611466.1711	5402854.8066	8162351.0299	12280093.3973	17815924.496	13252108.1204	1022595.5772	633374.8187	1533261.495	3059726.8451	5268597.0333	2565009.174	11297617.6132	11124228.1577	10504497.3062	2508581.2898	1899287.4475	2010248.6595	28401.2828
PC 30:2(PC)	334856.5392	624825.4365	937084.2333	392672.0819	575040.912	459055.5133	278022.7106	165933.7362	381352.4628	799575.2015	1341268.0719	760636.6862	535189.1281	426235.9907	463358.3042	545455.9339	377419.9533	413919.5877	25532.6985
PC 30:1(PC)	5227662.9145	9405630.902	15536270.2466	13864775.3417	20098421.1004	14685775.9571	2989858.5843	1797914.6703	4743030.5226	11064031.3532	18599505.7645	8790628.8885	15202475.198	13745214.2816	13575925.3864	7754473.8518	6064774.4609	7015966.6779	46264.5022
PC 30:0(PC)	18777973.1397	37262510.1977	55603266.4809	49031293.983	69876941.6716	53366790.1376	12385836.3496	7804048.4833	19150739.0058	37381912.9438	62923263.8375	29798773.0059	52851650.2468	48517486.0219	45615536.6137	32236537.2944	25053418.3156	28481470.1379	59791.119
PC O-32:2(PC)	1123691.3372	2533596.5864	3673521.029	4257326.5482	6269389.955	4579717.9224	627602.6825	370516.867	960577.9392	2301294.9139	4124738.0302	1852017.7213	5096482.9684	4618890.9024	4736784.6197	1642830.6912	1302870.7154	1515806.4329	0
PC O-32:1(PC)	11755583.0773	25385190.2863	34028895.7382	36899650.1855	54616929.2781	40836461.0727	3796314.2268	3230717.9094	5617835.9813	14796102.498	26637986.8438	12621576.6183	41753824.5738	39054708.4752	35067650.5244	9990453.8236	7888141.34	8787460.308	0
PC O-32:0(PC)	14744256.9017	31818124.47	41758561.7184	33793644.5871	49125849.7902	37823430.5505	5947723.0594	3442207.9793	9216756.2813	18729925.8534	31611870.6161	15429304.5162	37005858.8081	37058668.242	33399777.669	12826627.0037	9867929.6064	11514296.1268	0
PC 32:3(PC)	367064.7176	660275.1504	1033034.0367	352408.4421	456742.0228	351039.1744	375662.8816	191617.9087	544883.1838	1357273.3584	2273029.0645	1181730.0977	450071.242	474432.8848	415551.2349	771404.63	622334.1085	706414.6743	35327.5464
PC 32:2(PC)	6347229.4885	13005960.699	19219665.4678	9306443.6168	13903414.8023	10721529.9477	4894835.5573	2660659.1026	6873274.8466	19378780.8058	34079666.7673	16774220.1154	10940103.0147	10239210.4228	9725082.1116	11527084.1351	8698873.2382	10388859.7148	16970.3244
PC 32:1(PC)	71714038.5831	152005663.9796	217471290.8873	133520268.5265	198019671.3815	150800465.5573	43163786.7687	25968074.308	65775530.0107	143673986.6815	244743331.4925	120897440.5892	171232539.7347	160199369.3369	142024486.542	99490461.126	77229163.6121	89118429.0645	194649.5211
PC 32:0(PC)	35162078.6816	73311644.0605	102816527.3437	41414904.6474	58261687.2687	46726288.5054	28658470.8311	18790195.9394	45285175.3373	85698896.2223	138605265.6397	70392453.9553	56328498.6669	55309390.7788	47356926.4986	57073932.9605	44069989.5663	49053282.268	40108.7425
PC O-34:3(PC)	662803.8042	1482513.1625	2071363.6674	1681375.1918	2431484.5369	1776898.3447	393351.7937	198224.0257	551948.9997	1313365.1431	2454449.8423	1116689.2745	2092188.1812	2023505.3802	1998169.5674	905422.6783	671557.1085	812905.6153	15536.4497
PC O-34:2(PC)	7495793.6377	16425557.1829	23551953.2541	15174440.0963	22269632.8675	16331258.3317	3253804.8954	1924484.5791	4680999.3176	11734875.855	21228109.0943	9695995.0178	18232217.316	17120158.8001	16237773.1216	8087267.2157	6119127.2491	7028133.6495	50644.105
PC O-34:1(PC)	39347777.3123	80632385.1023	116212181.2486	52481605.0049	74606958.5604	55791430.0412	14475154.4528	8086651.1325	21268894.8577	47333467.2668	81169576.732	37771192.9454	62287007.3964	57935815.8403	53096551.3756	33381937.0656	25253111.0971	27982953.7883	86024.5887
PC O-34:0(PC)	6185906.8267	12594347.871	17498711.7489	11970281.4778	16238021.4826	12672361.1498	2891704.4948	1754539.1346	4531974.1158	8508912.1549	15087775.5827	7192706.2985	14451580.2912	14911882.0889	12701387.3698	7067729.2097	5143090.7087	5789465.5387	28500.5527
PC 34:3(PC)	2414469.8343	5183679.6836	7336735.422	2687766.0269	3976553.2077	3173355.2121	2040214.8698	1071053.0938	2759348.336	7753322.9045	13544170.484	6578007.1027	3605762.8954	3454539.3974	3335930.7633	4605623.4656	3328006.9205	3966033.8529	27854.2034
PC 34:2(PC)	40961030.1168	85981157.5965	119158415.5054	53637693.3647	80640788.2235	61111720.4889	25245058.0723	13638598.8094	36758266.3147	94136995.219	164202398.3688	81315111.3204	69130956.5089	62389794.1573	58715187.5802	57946316.353	43809781.1188	50401062.4592	82738.6405
PC 34:1(PC)	211578113.2331	435905854.3596	614853099.7814	180675149.4225	259955137.8903	192971398.5107	131395125.9777	74630317.2492	187822822.7085	385784960.2564	664995275.6319	322712932.3333	246687856.3067	228688857.5706	208810775.3235	278870800.022	211751903.2541	238343599.2944	879889.9473
PC 34:0(PC)	8305476.8663	14252798.9372	20025196.5072	7472930.5042	10737349.7349	8308848.7793	7436846.7431	5497738.1788	12393905.9859	20002360.4325	29655289.0661	17458547.156	12083900.2436	12046588.6096	10581265.4006	10918991.008	7987736.0512	9309211.823	121156.6848
PC O-36:6(PC)	663030.0999	1157056.0907	1891715.3213	691048.0574	1101163.6488	868359.0067	301194.172	186515.5693	511771.1201	1092320.4358	1639798.5617	784967.37	969034.7939	971943.9707	807511.8853	657437.2958	465353.3162	615426.6571	22910.047
PC O-36:5(PC)	477215.1528	1021266.9214	1434978.4711	1770727.0905	2375651.1128	1697005.898	536817.315	333445.3282	802597.4574	1288468.2187	2320317.8897	1091811.4006	2626584.6357	2471600.2674	2362967.3741	1089702.359	911417.0142	1044260.7359	19649.8487
PC O-36:4(PC)	2562948.0825	5472855.9718	7661421.7368	5813987.1318	8242400.5019	5535195.6199	1625000.7449	994433.523	2547163.6169	4334619.8861	7994046.4085	3529393.6945	8074837.5987	7064187.5317	6672174.6419	3745798.2785	2903165.3618	3227683.8221	13553.1993
PC O-36:3(PC)	2516611.6681	5415124.9557	7922681.2235	4092565.0845	6396582.5129	4779183.9041	1163590.0803	677249.2327	1802249.2877	4526141.9349	8668833.2525	4033679.8004	5642282.5717	5284996.6812	4902772.3916	3272152.7989	2441161.0682	2590755.3316	18526.1332
PC O-36:2(PC)	10323242.4754	21134484.3465	30833148.6588	12748233.1437	19405919.7216	14015701.8371	4596828.6542	2437621.6397	6319703.2672	15072790.7279	25909468.9651	12940597.4218	16454722.9538	15240717.8363	14039706.2339	10138739.1156	7875526.3842	8431123.7222	36311.071
PC O-36:1(PC)	10883303.1838	21026901.4571	30378871.5767	9508433.6188	14235422.7048	10700234.9384	4740255.2538	2642608.6508	6719308.206	13291176.8656	22197042.5775	10825770.2617	13563134.3182	11921303.3259	11393170.1963	11071360.437	8129733.2884	9504138.5106	151256.9774
PC O-36:0(PC)	1854993.1277	3038655.8338	4394728.9918	1791006.3298	2752378.816	2053084.4638	911931.8716	594542.8431	1539205.0572	2852642.6507	4651702.8893	2466482.1593	2633988.5146	2342118.4934	2037415.7544	1530596.4564	1132786.0339	1204031.0122	17240.3923
PC 36:6(PC)	529381.5624	710764.9527	1059896.6677	750995.6293	1023747.288	711432.2142	279475.6877	226967.9651	537148.3492	808152.0863	1539656.1526	650304.3071	882734.8338	752173.5234	863726.852	675750.6302	499724.9316	558646.4024	100013.6001
PC 36:5(PC)	1470878.3661	2463383.0857	3835219.0915	2659985.9805	3754966.3013	2751241.52	1312406.6238	875946.6614	1826710.9211	3667217.8973	6272238.1663	2741304.3818	3792449.9706	3536464.2445	3506705.1927	1970478.8371	1615872.6893	1883671.9472	24109.2207
PC 36:4(PC)	6268521.8103	12715733.5095	18425717.5572	9845599.4861	14201451.9805	9897539.7203	6171942.9621	3575807.5326	9171599.5244	16108371.9972	28140640.5596	13013475.8536	16038653.1645	13830554.3458	13306335.834	11406419.907	8660130.0808	9972762.1961	11377.9366
PC 36:3(PC)	8783717.3961	18088525.7515	26524356.857	10597618.7365	15604842.0966	11537729.6779	6041129.6673	3371250.1036	8739904.5109	22265258.0114	39635539.1091	19164666.8379	15086550.735	13464064.4416	12974723.0073	13773541.111	10585084.9221	12164907.7436	30657.387
PC 36:2(PC)	64748227.3359	131125239.3331	190732325.4685	69275980.9456	103747920.7715	76144573.0768	34623294.5156	19617004.4618	49350345.0319	124866732.2219	225102841.0693	106446534.3523	88213304.0279	80682295.1918	77589989.2007	85074784.697	63840535.122	76280685.0896	722752.6855
PC 36:1(PC)	20263220.5224	37796474.6562	55251141.6054	12361349.1112	16990428.8109	13388835.9761	21914493.1622	13218591.2331	31423379.6673	51444954.5487	89793273.4282	41040245.7771	17907896.9742	16404798.8167	15203660.3164	41985703.4823	31937370.4455	36237019.4781	373070.4111
PC 36:0(PC)	704712.2501	1300453.6074	1699911.437	1110951.903	1548124.1019	1136310.3981	602509.075	427437.4947	1012746.7426	1765662.0781	2885419.7488	1589895.5655	1220753.3938	1331541.0117	1190500.6261	1034247.7159	709924.3105	793069.3728	34106.474
PC O-38:6(PC)	1264501.9336	2567373.7653	3481833.5531	2485600.7825	3495973.4839	2259129.6825	991608.6225	567127.0448	1324072.3407	1983158.9555	3769567.9608	1644820.3471	3330809.6889	3047628.2043	2839104.7377	2094912.5873	1733993.3391	2030896.5987	26761.9633
PC O-38:5(PC)	1903345.6752	3963876.6939	5748895.5133	3931480.1451	5884125.2671	4044854.608	1493664.2859	734323.4041	2043778.6007	3750219.4056	6913603.7523	2965043.5903	5287768.8413	4703016.5485	4716691.6971	2896943.2498	2244633.7901	2537286.0764	37761.5527
PC O-38:4(PC)	1466467.0301	3079251.039	4334786.488	2011105.8715	2855121.1039	1998939.8505	1156153.8984	613593.4082	1588782.081	3129258.163	5924668.8438	2573544.3865	2602776.1898	2418826.6416	2312394.5055	2354967.8639	1753832.3177	2169822.1562	22887.4189
PC O-38:3(PC)	1226782.0556	2636890.6409	3544317.7285	1032002.2755	1614224.8417	1193338.5517	752927.7465	405816.3618	1144559.3162	2811352.8122	5212293.5748	2352347.0767	1402820.6483	1248163.4133	1231769.2263	1832342.4429	1442775.34	1777717.3482	26678.0501
PC O-38:2(PC)	2269027.4752	4542093.6912	6377562.8901	1990263.769	2894939.1516	2285645.6052	1245596.2547	786629.3637	1663109.9425	3366544.2912	5833571.4997	3064283.3294	2472616.7334	2190154.074	2234182.208	2732891.8143	2037979.3496	2341953.9887	207000
PC O-38:1(PC)	1173613.8625	2209007.8484	3015935.1207	1041056.1243	1540856.6917	1059855.5248	610357.8124	274371.3122	806291.5955	1733592.6558	3171442.1112	1432285.0887	1428244.4981	1033275.496	1095991.8178	1397702.5283	991374.8095	1054509.785	24455.9129
PC 38:7(PC)	710127.8286	1177573.0668	1975462.9258	824935.9102	1423613.8504	910844.9196	532067.2355	323384.6353	831960.5779	1774035.123	3122453.4488	1384761.3594	1162989.6149	1085741.7047	1172812.8651	1155595.4599	756098.9417	850737.1662	18785.0642
PC 38:6(PC)	2728778.0579	5594556.6754	8063717.4727	3330740.0198	5425448.5143	3199375.3065	2546039.5542	1641407.2929	3715462.3315	6235844.2051	11188580.645	4945228.6448	5299704.9037	4798165.4069	4807118.6914	5924981.7071	4398670.5892	4849613.4384	10114.402
PC 38:5(PC)	4747728.3815	9767123.7413	14235367.0466	6657185.266	9816424.4694	6703909.9485	4424834.1338	2431986.2957	6310111.3494	12441747.5438	21889115.5454	10317022.8147	9165371.8178	8711890.4323	9011220.4356	9109173.6052	6878510.3949	7534354.9111	22845.5802
PC 38:4(PC)	3843204.7975	7659519.5906	10922293.0015	2569108.537	3958685.2303	2703165.3233	4502582.1174	2611382.9856	6507479.1201	11319458.4689	20494419.1312	9639076.5707	4388490.314	3844535.0729	3731425.6587	8648041.0901	6781367.2306	7472408.3088	15933.3073
PC 38:3(PC)	3405605.837	6667250.4165	9854032.5358	1536541.8079	2135261.0828	1722399.547	2784302.277	1547774.3221	3848690.9816	9776107.2867	17804899.0607	8610162.467	2318580.9793	1875984.4833	1814239.4962	6960327.1042	5316996.4509	5949515.0621	58328.5698
PC 38:2(PC)	4149552.0104	8238472.8231	11437333.8455	3352399.6707	5624855.2251	3623006.3122	2406998.6381	1183677.5916	3236420.0265	7127131.8216	13475516.7247	6345937.1519	4958543.5626	4231536.6289	4041415.4884	5572601.3741	4178082.9671	4620957.3749	36377.4754
PC 38:1(PC)	1041121.0286	1715622.7632	2185726.5756	639535.9191	1024136.4987	519652.6593	640054.6318	416666.7279	924424.2373	1248260.7495	2180419.4565	1445601.7886	899732.2444	834186.6901	1003638.4086	1345558.2657	983412.0017	1166782.7163	122912.7144
PC 38:0(PC)	568923.8333	1007405.2141	1500939.2424	857329.6505	1385221.5708	908568.5194	570545.0216	265095.2889	663932.7286	1019925.4129	1891297.5964	828021.4569	1154331.6673	1093571.7277	1069600.5997	881166.2911	707286.4152	821025.2594	58607.8967
PC O-40:1(PC)	0	478584.3321	419231.5013	0	61894.3806	452703.4563	185181.1509	0	408690.6052	1061342.8259	1309740.0017	121529.4701	293140.6937	410390.7913	476116.381	444990.1336	462260.3539	204973.8246	0
PC 40:7(PC)	1501319.8852	3294890.1377	4611127.3597	1567230.6136	2429271.2626	1436127.8836	1321401.9847	661718.3808	1972475.7585	4576942.8846	8038011.438	3770878.1569	2342501.837	2167211.3006	2137959.7858	3222855.1677	2346446.2288	2874308.9182	0
PC 40:6(PC)	1496038.411	2912267.485	3958846.1194	1311277.1959	1791479.3517	1398743.1205	1515975.4325	898851.9866	2393370.0364	3768691.4418	6332229.7574	2997306.5631	1857325.0113	1713978.2279	1626734.1877	3505507.8861	2580046.0717	2839054.9252	23439.0403
PC 40:5(PC)	1394499.3876	2919502.0242	4030358.6121	931832.3216	1338294.189	1054298.5575	1621085.7959	1002602.5893	2287465.1477	3339515.3939	5965137.7557	2953062.3387	1314700.2904	1252177.263	1087301.726	2994583.8067	2196357.3596	2565681.6026	29058.2336
PC 40:4(PC)	802239.0049	1525663.0652	2135237.0078	289442.2699	447043.3772	305372.9911	764047.8667	505670.4936	1190334.896	2329517.7753	4278673.8556	2163809.5263	424494.3646	362166.721	396751.8642	1867457.6609	1322371.7448	1619917.7214	17215.7787
